18
-90.4492 32.8387 -12.3679 0 1 0
-61.8558 40.7486 94.8321 0 1 0
10.4241 61.4048 93.4121 0 1 0
-5.11685 40.2599 -23.9214 0 1 0
-53.6226 40.4439 -22.814 0 1 0
-67.9525 30.132 0.832968 0 1 0
-55.9567 44.9648 69.7482 0 1 0
0.784199 66.6958 73.3594 0 1 0
-25.7067 53.39 -22.1524 0 1 0
-53.1746 60.5073 36.3169 0 1 0
-20.7085 115.405 23.4803 0 1 0
10.6849 46.3977 -41.854 0 1 0
60.0219 6.68722 -131.515 0 1 0
68.7257 2.66921 -27.171 0 1 0
68.5392 3.39442 52.8462 0 1 0
63.8961 5.89421 139.96 0 1 0
40.7705 10.817 99.7686 0 1 0
7.73264 24.9288 -69.2956 0 1 0
