9
0 0
10 0
20 0
0 6
10 6
20 6
0 12
10 12
20 12
12
0 3 -1 0 1 0.71765 0.558847 0.406636
0 1 0 -1 1 0.515862 0.325518 0.623272
3 4 3 0 1 0.645947 0.671262 0.640179
3 6 -1 3 1 0.298738 0.484001 0.427969
6 7 -1 3 1 0.71765 0.558847 0.406636
7 4 2 3 0 0.515862 0.325518 0.623272
7 8 -1 2 1 0.645947 0.671262 0.640179
8 5 -1 2 1 0.298738 0.484001 0.427969
5 4 1 2 0 0.71765 0.558847 0.406636
5 2 -1 1 1 0.515862 0.325518 0.623272
2 1 -1 1 1 0.645947 0.671262 0.640179
1 4 0 1 0 0.298738 0.484001 0.427969
4
11 2 0 1
9 8 11 10
7 6 5 8
5 4 3 2
2 2 0 60 100
