121
0 0
4 0
8 0
12 0
16 0
20 0
24 0
28 0
32 0
36 0
40 0
0 4
4 4
8 4
12 4
16 4
20 4
24 4
28 4
32 4
36 4
40 4
0 8
4 8
8 8
12 8
16 8
20 8
24 8
28 8
32 8
36 8
40 8
0 12
4 12
8 12
12 12
16 12
20 12
24 12
28 12
32 12
36 12
40 12
0 16
4 16
8 16
12 16
16 16
20 16
24 16
28 16
32 16
36 16
40 16
0 20
4 20
8 20
12 20
16 20
20 20
24 20
28 20
32 20
36 20
40 20
0 24
4 24
8 24
12 24
16 24
20 24
24 24
28 24
32 24
36 24
40 24
0 28
4 28
8 28
12 28
16 28
20 28
24 28
28 28
32 28
36 28
40 28
0 32
4 32
8 32
12 32
16 32
20 32
24 32
28 32
32 32
36 32
40 32
0 36
4 36
8 36
12 36
16 36
20 36
24 36
28 36
32 36
36 36
40 36
0 40
4 40
8 40
12 40
16 40
20 40
24 40
28 40
32 40
36 40
40 40
220
0 1 0 -1 1 0.59846 0.392537 0.257096
1 2 1 -1 1 0.290147 0.628552 0.723891
2 3 2 -1 1 0.702071 0.388142 0.27298
3 4 3 -1 1 0.490593 0.635159 0.48101
4 5 4 -1 1 0.670011 0.6199 0.348331
5 6 5 -1 1 0.704314 0.273011 0.477714
6 7 6 -1 1 0.269532 0.63786 0.291612
7 8 7 -1 1 0.714553 0.742752 0.628643
8 9 8 -1 1 0.722228 0.329318 0.441519
9 10 9 -1 1 0.286317 0.473136 0.337237
11 12 10 0 1 0.275407 0.660031 0.442724
12 13 11 1 0 0.349002 0.572642 0.396702
13 14 12 2 1 0.264542 0.486 0.586604
14 15 13 3 0 0.47277 0.354801 0.308931
15 16 14 4 0 0.48104 0.289674 0.723983
16 17 15 5 1 0.263276 0.521187 0.452139
17 18 16 6 1 0.59933 0.714003 0.25058
18 19 17 7 0 0.461249 0.531121 0.712111
19 20 18 8 1 0.565439 0.718688 0.681959
20 21 19 9 0 0.498054 0.533059 0.743988
22 23 20 10 0 0.272874 0.37508 0.43717
23 24 21 11 1 0.342853 0.537362 0.263077
24 25 22 12 0 0.610118 0.563318 0.70233
25 26 23 13 1 0.488227 0.339541 0.486396
26 27 24 14 1 0.621273 0.449271 0.705687
27 28 25 15 0 0.677107 0.618603 0.375233
28 29 26 16 0 0.639584 0.41335 0.472541
29 30 27 17 0 0.282807 0.69763 0.474815
30 31 28 18 0 0.395329 0.388981 0.69882
31 32 29 19 1 0.431036 0.729095 0.721618
33 34 30 20 0 0.326769 0.659284 0.351917
34 35 31 21 1 0.308824 0.614635 0.406911
35 36 32 22 1 0.699065 0.368809 0.538644
36 37 33 23 0 0.45455 0.353046 0.357166
37 38 34 24 1 0.723052 0.644894 0.633343
38 39 35 25 0 0.475913 0.292482 0.630352
39 40 36 26 1 0.72586 0.602519 0.700072
40 41 37 27 0 0.41364 0.506005 0.447562
41 42 38 28 1 0.621868 0.441916 0.430837
42 43 39 29 1 0.668775 0.276048 0.489128
44 45 40 30 1 0.527047 0.649411 0.721191
45 46 41 31 0 0.35361 0.526315 0.401097
46 47 42 32 1 0.415639 0.293443 0.677625
47 48 43 33 1 0.424017 0.540002 0.690519
48 49 44 34 0 0.296937 0.381779 0.359943
49 50 45 35 0 0.313997 0.515923 0.450934
50 51 46 36 0 0.555185 0.523461 0.468726
51 52 47 37 0 0.338687 0.498543 0.364231
52 53 48 38 0 0.408956 0.535485 0.556558
53 54 49 39 1 0.667081 0.540139 0.484428
55 56 50 40 1 0.471015 0.458716 0.732955
56 57 51 41 0 0.506844 0.67233 0.736114
57 58 52 42 1 0.687025 0.515114 0.310823
58 59 53 43 1 0.602016 0.445303 0.666318
59 60 54 44 0 0.565973 0.660504 0.467963
60 61 55 45 0 0.531472 0.496971 0.587581
61 62 56 46 1 0.646695 0.376301 0.333956
62 63 57 47 0 0.426275 0.404271 0.652768
63 64 58 48 0 0.638516 0.512658 0.523644
64 65 59 49 0 0.408544 0.507622 0.423452
66 67 60 50 1 0.690443 0.656354 0.584132
67 68 61 51 0 0.606319 0.548563 0.443152
68 69 62 52 0 0.345965 0.462958 0.667295
69 70 63 53 0 0.329867 0.383717 0.519463
70 71 64 54 1 0.491371 0.475532 0.545267
71 72 65 55 1 0.719497 0.296953 0.666349
72 73 66 56 1 0.567393 0.464759 0.415685
73 74 67 57 0 0.701857 0.588694 0.271485
74 75 68 58 0 0.549799 0.580729 0.358295
75 76 69 59 1 0.738845 0.739776 0.348468
77 78 70 60 0 0.274964 0.415563 0.368015
78 79 71 61 1 0.42687 0.588603 0.518593
79 80 72 62 1 0.657086 0.253311 0.664365
80 81 73 63 1 0.322832 0.688017 0.459037
81 82 74 64 0 0.273728 0.639737 0.524163
82 83 75 65 0 0.744385 0.384251 0.261353
83 84 76 66 0 0.250961 0.253235 0.269318
84 85 77 67 0 0.531915 0.747131 0.282136
85 86 78 68 0 0.418844 0.711852 0.322695
86 87 79 69 0 0.678297 0.341296 0.447836
88 89 80 70 1 0.397053 0.720992 0.488899
89 90 81 71 1 0.643567 0.524377 0.409886
90 91 82 72 0 0.669645 0.667814 0.383106
91 92 83 73 0 0.387761 0.552454 0.748535
92 93 84 74 0 0.380436 0.709532 0.28386
93 94 85 75 0 0.487953 0.329562 0.404592
94 95 86 76 1 0.590129 0.400609 0.686293
95 96 87 77 1 0.468146 0.716308 0.492668
96 97 88 78 0 0.6423 0.268036 0.544641
97 98 89 79 1 0.475959 0.478111 0.427007
99 100 90 80 1 0.655057 0.2874 0.678053
100 101 91 81 0 0.499062 0.267167 0.687407
101 102 92 82 0 0.545297 0.749176 0.634732
102 103 93 83 1 0.74147 0.556192 0.377033
103 104 94 84 0 0.47103 0.344958 0.529809
104 105 95 85 1 0.386296 0.74031 0.291963
105 106 96 86 0 0.702788 0.261872 0.55224
106 107 97 87 1 0.569712 0.257035 0.344134
107 108 98 88 0 0.272095 0.460379 0.540826
108 109 99 89 0 0.294725 0.60667 0.66847
110 111 -1 90 1 0.355579 0.44161 0.318957
111 112 -1 91 1 0.533746 0.648022 0.41419
112 113 -1 92 1 0.299028 0.493751 0.416524
113 114 -1 93 1 0.718734 0.562098 0.381428
114 115 -1 94 1 0.531152 0.459815 0.456488
115 116 -1 95 1 0.51072 0.477683 0.629604
116 117 -1 96 1 0.42185 0.299821 0.407048
117 118 -1 97 1 0.487205 0.504662 0.267808
118 119 -1 98 1 0.469276 0.444479 0.658383
119 120 -1 99 1 0.499916 0.382252 0.649609
0 11 -1 0 1 0.614849 0.465537 0.540643
1 12 0 1 0 0.250214 0.685072 0.449377
2 13 1 2 0 0.548822 0.733764 0.518212
3 14 2 3 0 0.414495 0.600887 0.407765
4 15 3 4 0 0.643597 0.310183 0.436056
5 16 4 5 0 0.743744 0.26413 0.709349
6 17 5 6 0 0.69969 0.634457 0.422567
7 18 6 7 0 0.268601 0.559137 0.313234
8 19 7 8 1 0.573069 0.445135 0.428457
9 20 8 9 0 0.379673 0.26204 0.405156
10 21 9 -1 1 0.534692 0.607265 0.468482
11 22 -1 10 1 0.432012 0.429861 0.293046
12 23 10 11 0 0.456671 0.4401 0.493263
13 24 11 12 1 0.457999 0.633419 0.339297
14 25 12 13 1 0.685377 0.550623 0.51455
15 26 13 14 1 0.373966 0.531198 0.721862
16 27 14 15 1 0.315111 0.392567 0.702025
17 28 15 16 1 0.5478 0.452796 0.259949
18 29 16 17 1 0.576365 0.605174 0.725448
19 30 17 18 1 0.568094 0.670667 0.536462
20 31 18 19 0 0.264771 0.447592 0.695143
21 32 19 -1 1 0.334048 0.444891 0.413442
22 33 -1 20 1 0.622585 0.650388 0.718703
23 34 20 21 1 0.480399 0.295061 0.581645
24 35 21 22 0 0.404881 0.564539 0.405309
25 36 22 23 0 0.477302 0.343875 0.320223
26 37 23 24 0 0.583705 0.415731 0.673612
27 38 24 25 0 0.312181 0.555338 0.484443
28 39 25 26 1 0.322741 0.577799 0.51661
29 40 26 27 0 0.282731 0.316149 0.696593
30 41 27 28 0 0.56016 0.377735 0.511345
31 42 28 29 0 0.419561 0.64581 0.603496
32 43 29 -1 1 0.326693 0.348392 0.392933
33 44 -1 30 1 0.725738 0.431066 0.69348
34 45 30 31 1 0.365116 0.365177 0.505684
35 46 31 32 0 0.581813 0.527383 0.350497
36 47 32 33 1 0.265793 0.553201 0.460974
37 48 33 34 1 0.630795 0.413701 0.37479
38 49 34 35 0 0.256928 0.544168 0.433874
39 50 35 36 0 0.540048 0.393651 0.430731
40 51 36 37 1 0.545938 0.408727 0.281266
41 52 37 38 1 0.550592 0.664365 0.60667
42 53 38 39 0 0.26616 0.704878 0.626812
43 54 39 -1 1 0.478401 0.48983 0.299135
44 55 -1 40 1 0.70146 0.376392 0.292375
45 56 40 41 0 0.642224 0.279054 0.279893
46 57 41 42 1 0.601772 0.522027 0.528146
47 58 42 43 0 0.369419 0.643338 0.379368
48 59 43 44 0 0.632 0.646191 0.462149
49 60 44 45 1 0.587184 0.555292 0.537088
50 61 45 46 1 0.370762 0.71086 0.621395
51 62 46 47 0 0.355609 0.615841 0.342273
52 63 47 48 0 0.363666 0.445303 0.33063
53 64 48 49 0 0.352374 0.717544 0.426687
54 65 49 -1 1 0.59579 0.250381 0.334689
55 66 -1 50 1 0.588923 0.635891 0.490806
56 67 50 51 0 0.443945 0.469092 0.679014
57 68 51 52 1 0.338733 0.346912 0.655652
58 69 52 53 1 0.264801 0.596049 0.282395
59 70 53 54 1 0.700255 0.721633 0.548334
60 71 54 55 1 0.329821 0.480857 0.308733
61 72 55 56 0 0.71437 0.749298 0.362476
62 73 56 57 1 0.397481 0.553384 0.453116
63 74 57 58 1 0.320498 0.652905 0.397084
64 75 58 59 1 0.378468 0.3774 0.665616
65 76 59 -1 1 0.479225 0.746216 0.58282
66 77 -1 60 1 0.36243 0.734787 0.703169
67 78 60 61 0 0.325564 0.702147 0.563685
68 79 61 62 0 0.299837 0.26735 0.292726
69 80 62 63 0 0.558069 0.623104 0.329196
70 81 63 64 0 0.430013 0.271058 0.665281
71 82 64 65 1 0.72647 0.483406 0.498619
72 83 65 66 0 0.680479 0.359104 0.34714
73 84 66 67 0 0.468589 0.719024 0.456946
74 85 67 68 1 0.294588 0.699919 0.431646
75 86 68 69 0 0.377171 0.529031 0.446585
76 87 69 -1 1 0.438086 0.705077 0.664167
77 88 -1 70 1 0.361637 0.39246 0.738083
78 89 70 71 1 0.551172 0.702803 0.620724
79 90 71 72 0 0.421545 0.45307 0.454413
80 91 72 73 0 0.316088 0.59933 0.603999
81 92 73 74 0 0.480415 0.347446 0.315111
82 93 74 75 0 0.360279 0.612514 0.687269
83 94 75 76 1 0.651395 0.311174 0.313723
84 95 76 77 1 0.277635 0.67555 0.665006
85 96 77 78 1 0.335437 0.554331 0.456641
86 97 78 79 1 0.285813 0.363071 0.584803
87 98 79 -1 1 0.697584 0.516045 0.48484
88 99 -1 80 1 0.4083 0.501762 0.597835
89 100 80 81 0 0.642239 0.749802 0.2865
90 101 81 82 0 0.540185 0.303865 0.640179
91 102 82 83 1 0.726058 0.417852 0.299196
92 103 83 84 1 0.687101 0.719344 0.505013
93 104 84 85 1 0.318575 0.250198 0.408437
94 105 85 86 1 0.6208 0.549921 0.749207
95 106 86 87 0 0.560541 0.409276 0.486824
96 107 87 88 0 0.734909 0.522622 0.660276
97 108 88 89 0 0.588221 0.562967 0.598262
98 109 89 -1 1 0.572886 0.290162 0.253098
99 110 -1 90 1 0.403935 0.664136 0.325961
100 111 90 91 0 0.399846 0.526238 0.531777
101 112 91 92 1 0.487877 0.5299 0.485084
102 113 92 93 1 0.362323 0.725692 0.604961
103 114 93 94 0 0.580195 0.369282 0.461615
104 115 94 95 0 0.289064 0.317156 0.74414
105 116 95 96 1 0.324435 0.487419 0.393849
106 117 96 97 1 0.593486 0.559564 0.685591
107 118 97 98 0 0.468574 0.559015 0.689863
108 119 98 99 1 0.605907 0.737991 0.462989
109 120 99 -1 1 0.379307 0.67761 0.270844
100
111 10 110 0
112 11 111 1
113 12 112 2
114 13 113 3
115 14 114 4
116 15 115 5
117 16 116 6
118 17 117 7
119 18 118 8
120 19 119 9
122 20 121 10
123 21 122 11
124 22 123 12
125 23 124 13
126 24 125 14
127 25 126 15
128 26 127 16
129 27 128 17
130 28 129 18
131 29 130 19
133 30 132 20
134 31 133 21
135 32 134 22
136 33 135 23
137 34 136 24
138 35 137 25
139 36 138 26
140 37 139 27
141 38 140 28
142 39 141 29
144 40 143 30
145 41 144 31
146 42 145 32
147 43 146 33
148 44 147 34
149 45 148 35
150 46 149 36
151 47 150 37
152 48 151 38
153 49 152 39
155 50 154 40
156 51 155 41
157 52 156 42
158 53 157 43
159 54 158 44
160 55 159 45
161 56 160 46
162 57 161 47
163 58 162 48
164 59 163 49
166 60 165 50
167 61 166 51
168 62 167 52
169 63 168 53
170 64 169 54
171 65 170 55
172 66 171 56
173 67 172 57
174 68 173 58
175 69 174 59
177 70 176 60
178 71 177 61
179 72 178 62
180 73 179 63
181 74 180 64
182 75 181 65
183 76 182 66
184 77 183 67
185 78 184 68
186 79 185 69
188 80 187 70
189 81 188 71
190 82 189 72
191 83 190 73
192 84 191 74
193 85 192 75
194 86 193 76
195 87 194 77
196 88 195 78
197 89 196 79
199 90 198 80
200 91 199 81
201 92 200 82
202 93 201 83
203 94 202 84
204 95 203 85
205 96 204 86
206 97 205 87
207 98 206 88
208 99 207 89
210 100 209 90
211 101 210 91
212 102 211 92
213 103 212 93
214 104 213 94
215 105 214 95
216 106 215 96
217 107 216 97
218 108 217 98
219 109 218 99
2 2 0 60 100
