121
0 0
3 0
6 0
9 0
12 0
15 0
18 0
21 0
24 0
27 0
30 0
0 5
3 5
6 5
9 5
12 5
15 5
18 5
21 5
24 5
27 5
30 5
0 10
3 10
6 10
9 10
12 10
15 10
18 10
21 10
24 10
27 10
30 10
0 15
3 15
6 15
9 15
12 15
15 15
18 15
21 15
24 15
27 15
30 15
0 20
3 20
6 20
9 20
12 20
15 20
18 20
21 20
24 20
27 20
30 20
0 25
3 25
6 25
9 25
12 25
15 25
18 25
21 25
24 25
27 25
30 25
0 30
3 30
6 30
9 30
12 30
15 30
18 30
21 30
24 30
27 30
30 30
0 35
3 35
6 35
9 35
12 35
15 35
18 35
21 35
24 35
27 35
30 35
0 40
3 40
6 40
9 40
12 40
15 40
18 40
21 40
24 40
27 40
30 40
0 45
3 45
6 45
9 45
12 45
15 45
18 45
21 45
24 45
27 45
30 45
0 50
3 50
6 50
9 50
12 50
15 50
18 50
21 50
24 50
27 50
30 50
220
0 1 0 -1 1 0.346652 0.531793 0.250626
1 2 1 -1 1 0.489937 0.542505 0.65437
2 3 2 -1 1 0.66142 0.697981 0.425146
3 4 3 -1 1 0.679472 0.337054 0.623302
4 5 4 -1 1 0.401997 0.506767 0.605251
5 6 5 -1 1 0.432226 0.295701 0.257492
6 7 6 -1 1 0.744263 0.332949 0.323656
7 8 7 -1 1 0.252335 0.309542 0.472846
8 9 8 -1 1 0.515831 0.43894 0.254456
9 10 9 -1 1 0.553583 0.550882 0.535592
11 12 10 0 0 0.475394 0.581523 0.333117
12 13 11 1 0 0.553842 0.27852 0.426061
13 14 12 2 1 0.509941 0.651303 0.641659
14 15 13 3 0 0.613338 0.687986 0.400975
15 16 14 4 0 0.519677 0.712859 0.72795
16 17 15 5 1 0.367664 0.48104 0.321169
17 18 16 6 1 0.639828 0.354801 0.68112
18 19 17 7 1 0.749847 0.748398 0.671827
19 20 18 8 0 0.383106 0.446219 0.55575
20 21 19 9 1 0.261872 0.670072 0.39864
22 23 20 10 0 0.588603 0.296312 0.437933
23 24 21 11 0 0.709395 0.254395 0.278108
24 25 22 12 1 0.543954 0.386448 0.387944
25 26 23 13 0 0.613247 0.668805 0.595592
26 27 24 14 1 0.621868 0.35268 0.49247
27 28 25 15 0 0.724578 0.47898 0.48423
28 29 26 16 1 0.549524 0.30414 0.622219
29 30 27 17 1 0.554483 0.617504 0.442618
30 31 28 18 1 0.325777 0.43067 0.536203
31 32 29 19 0 0.651441 0.462577 0.362552
33 34 30 20 1 0.625774 0.744995 0.508553
34 35 31 21 1 0.578654 0.334491 0.422781
35 36 32 22 0 0.599879 0.28177 0.495949
36 37 33 23 0 0.724792 0.323748 0.502403
37 38 34 24 0 0.596446 0.702559 0.320788
38 39 35 25 0 0.285188 0.463279 0.401524
39 40 36 26 1 0.326617 0.591594 0.733306
40 41 37 27 0 0.541025 0.66084 0.688627
41 42 38 28 0 0.658597 0.338946 0.345676
42 43 39 29 1 0.501961 0.327776 0.487632
44 45 40 30 1 0.38979 0.452796 0.616008
45 46 41 31 1 0.627926 0.591121 0.534371
46 47 42 32 0 0.31151 0.487648 0.610958
47 48 43 33 1 0.267548 0.667341 0.433905
48 49 44 34 0 0.463111 0.581492 0.508507
49 50 45 35 0 0.710692 0.72467 0.302339
50 51 46 36 1 0.485862 0.422994 0.524773
51 52 47 37 0 0.408437 0.67349 0.43749
52 53 48 38 0 0.741485 0.385945 0.47805
53 54 49 39 0 0.533639 0.619594 0.3989
55 56 50 40 1 0.669721 0.630657 0.347995
56 57 51 41 1 0.695082 0.50045 0.448828
57 58 52 42 0 0.536294 0.747314 0.263733
58 59 53 43 0 0.347034 0.515664 0.275254
59 60 54 44 1 0.578806 0.563379 0.671522
60 61 55 45 1 0.311663 0.671079 0.348926
61 62 56 46 0 0.407033 0.621563 0.304964
62 63 57 47 0 0.418157 0.39304 0.720534
63 64 58 48 1 0.66731 0.616543 0.320132
64 65 59 49 1 0.623608 0.550119 0.603999
66 67 60 50 0 0.250809 0.322237 0.376362
67 68 61 51 1 0.676313 0.653119 0.280503
68 69 62 52 0 0.526605 0.307802 0.355289
69 70 63 53 1 0.477256 0.306886 0.257126
70 71 64 54 0 0.521722 0.593074 0.62611
71 72 65 55 1 0.35097 0.46836 0.286943
72 73 66 56 1 0.468345 0.395177 0.598109
73 74 67 57 1 0.516289 0.538934 0.366214
74 75 68 58 1 0.502068 0.330096 0.564341
75 76 69 59 0 0.712401 0.59788 0.731521
77 78 70 60 0 0.339175 0.417974 0.344974
78 79 71 61 1 0.749008 0.478721 0.747589
79 80 72 62 0 0.297197 0.562586 0.298753
80 81 73 63 0 0.274216 0.715758 0.468863
81 82 74 64 0 0.363651 0.395009 0.69731
82 83 75 65 1 0.350986 0.455359 0.634533
83 84 76 66 1 0.475806 0.552072 0.564035
84 85 77 67 1 0.567362 0.548914 0.483177
85 86 78 68 0 0.562387 0.664396 0.677396
86 87 79 69 0 0.437567 0.532876 0.610454
88 89 80 70 0 0.527566 0.618954 0.342135
89 90 81 71 1 0.34447 0.371433 0.702544
90 91 82 72 0 0.542306 0.599254 0.552362
91 92 83 73 0 0.290193 0.49723 0.425649
92 93 84 74 1 0.56019 0.556024 0.620373
93 94 85 75 1 0.324557 0.652264 0.595561
94 95 86 76 1 0.705779 0.683866 0.538018
95 96 87 77 1 0.271607 0.613842 0.557352
96 97 88 78 0 0.407506 0.738266 0.583888
97 98 89 79 1 0.336962 0.402913 0.5346
99 100 90 80 1 0.675611 0.684523 0.304277
100 101 91 81 0 0.413457 0.327441 0.622158
101 102 92 82 1 0.57049 0.288301 0.289674
102 103 93 83 0 0.474128 0.522546 0.660001
103 104 94 84 1 0.48278 0.399373 0.454489
104 105 95 85 1 0.411519 0.326327 0.500603
105 106 96 86 1 0.663343 0.406941 0.618999
106 107 97 87 1 0.612514 0.686674 0.729537
107 108 98 88 0 0.313616 0.721999 0.400029
108 109 99 89 0 0.512291 0.642483 0.282868
110 111 -1 90 1 0.286134 0.728057 0.554819
111 112 -1 91 1 0.411061 0.57693 0.687819
112 113 -1 92 1 0.363544 0.502525 0.3024
113 114 -1 93 1 0.525582 0.70999 0.395146
114 115 -1 94 1 0.496269 0.307268 0.581401
115 116 -1 95 1 0.64668 0.498405 0.439566
116 117 -1 96 1 0.594081 0.441183 0.504631
117 118 -1 97 1 0.447592 0.55314 0.516076
118 119 -1 98 1 0.30031 0.603938 0.252945
119 120 -1 99 1 0.49575 0.681623 0.561533
0 11 -1 0 1 0.440054 0.498451 0.623669
1 12 0 1 1 0.428549 0.526406 0.642682
2 13 1 2 0 0.33829 0.565424 0.727859
3 14 2 3 1 0.621639 0.315813 0.437124
4 15 3 4 1 0.263916 0.555994 0.72586
5 16 4 5 0 0.569605 0.277955 0.414922
6 17 5 6 0 0.682157 0.673536 0.315813
7 18 6 7 1 0.676984 0.61082 0.548441
8 19 7 8 0 0.603954 0.313234 0.25734
9 20 8 9 0 0.282975 0.358783 0.558573
10 21 9 -1 1 0.420492 0.562052 0.33446
11 22 -1 10 1 0.5805 0.433782 0.409703
12 23 10 11 1 0.513268 0.653439 0.651196
13 24 11 12 0 0.700301 0.649091 0.555551
14 25 12 13 1 0.451209 0.565088 0.322405
15 26 13 14 1 0.677595 0.31827 0.37685
16 27 14 15 0 0.536676 0.463904 0.283082
17 28 15 16 0 0.362781 0.524026 0.401143
18 29 16 17 0 0.654019 0.305315 0.405675
19 30 17 18 0 0.644055 0.392125 0.317354
20 31 18 19 0 0.621899 0.644818 0.697615
21 32 19 -1 1 0.678327 0.430563 0.557611
22 33 -1 20 1 0.364719 0.681791 0.364246
23 34 20 21 0 0.742416 0.521203 0.374775
24 35 21 22 0 0.512337 0.290712 0.276902
25 36 22 23 1 0.379398 0.297334 0.463401
26 37 23 24 1 0.323275 0.366382 0.695769
27 38 24 25 1 0.290056 0.715819 0.312548
28 39 25 26 0 0.418203 0.279359 0.273545
29 40 26 27 1 0.466392 0.449301 0.70735
30 41 27 28 1 0.517113 0.668592 0.723083
31 42 28 29 1 0.448843 0.596767 0.671049
32 43 29 -1 1 0.512795 0.252167 0.379582
33 44 -1 30 1 0.370548 0.449347 0.727401
34 45 30 31 0 0.592006 0.377567 0.542779
35 46 31 32 0 0.695112 0.46775 0.72264
36 47 32 33 0 0.550775 0.720489 0.253586
37 48 33 34 1 0.321215 0.538339 0.643078
38 49 34 35 1 0.252136 0.441504 0.361164
39 50 35 36 0 0.579966 0.291124 0.45896
40 51 36 37 1 0.65553 0.282426 0.677549
41 52 37 38 1 0.651349 0.595744 0.581034
42 53 38 39 1 0.321383 0.592814 0.515069
43 54 39 -1 1 0.638867 0.613948 0.594752
44 55 -1 40 1 0.57226 0.684339 0.265534
45 56 40 41 0 0.525994 0.292726 0.603282
46 57 41 42 0 0.387486 0.279389 0.723952
47 58 42 43 0 0.559992 0.74089 0.322588
48 59 43 44 0 0.433767 0.711241 0.396123
49 60 44 45 0 0.32796 0.359317 0.59727
50 61 45 46 0 0.70114 0.51072 0.370273
51 62 46 47 0 0.470862 0.701323 0.303209
52 63 47 48 0 0.335894 0.641049 0.290056
53 64 48 49 0 0.685194 0.637936 0.737197
54 65 49 -1 1 0.251877 0.478309 0.355319
55 66 -1 50 1 0.452353 0.307024 0.625317
56 67 50 51 0 0.269288 0.746307 0.405568
57 68 51 52 0 0.373844 0.344638 0.376041
58 69 52 53 1 0.692686 0.56016 0.326754
59 70 53 54 0 0.639828 0.347827 0.719543
60 71 54 55 1 0.704573 0.578379 0.572779
61 72 55 56 0 0.582087 0.710646 0.477729
62 73 56 57 1 0.534768 0.568171 0.325381
63 74 57 58 0 0.520287 0.721511 0.46102
64 75 58 59 1 0.377644 0.518227 0.539285
65 76 59 -1 1 0.268311 0.42513 0.448477
66 77 -1 60 1 0.285142 0.348254 0.647626
67 78 60 61 1 0.285462 0.545373 0.444708
68 79 61 62 0 0.572169 0.327944 0.348834
69 80 62 63 1 0.598674 0.552149 0.477165
70 81 63 64 0 0.448263 0.592235 0.470649
71 82 64 65 0 0.349796 0.546106 0.667859
72 83 65 66 0 0.445853 0.688002 0.724731
73 84 66 67 0 0.697859 0.342654 0.743728
74 85 67 68 0 0.563669 0.47103 0.537225
75 86 68 69 0 0.392781 0.274812 0.604259
76 87 69 -1 1 0.697661 0.453818 0.3801
77 88 -1 70 1 0.698027 0.614223 0.605098
78 89 70 71 1 0.701933 0.448706 0.446783
79 90 71 72 0 0.535287 0.444052 0.404302
80 91 72 73 1 0.622677 0.616848 0.426778
81 92 73 74 1 0.319658 0.619716 0.618191
82 93 74 75 0 0.59022 0.386296 0.350085
83 94 75 76 0 0.508828 0.43392 0.705565
84 95 76 77 0 0.351535 0.703719 0.304689
85 96 77 78 1 0.46926 0.577418 0.50898
86 97 78 79 1 0.289781 0.295213 0.593822
87 98 79 -1 1 0.427541 0.263901 0.287889
88 99 -1 80 1 0.321337 0.598643 0.403615
89 100 80 81 1 0.58787 0.283921 0.447424
90 101 81 82 0 0.597011 0.349353 0.612468
91 102 82 83 1 0.521996 0.577448 0.557855
92 103 83 84 0 0.274812 0.522683 0.29915
93 104 84 85 0 0.734985 0.482017 0.737289
94 105 85 86 0 0.589961 0.515481 0.613933
95 106 86 87 1 0.444311 0.436056 0.5964
96 107 87 88 0 0.33478 0.654889 0.274979
97 108 88 89 0 0.642239 0.405278 0.280412
98 109 89 -1 1 0.492332 0.410955 0.356235
99 110 -1 90 1 0.503929 0.469932 0.254578
100 111 90 91 0 0.450537 0.629269 0.552972
101 112 91 92 0 0.72116 0.671323 0.424902
102 113 92 93 1 0.276734 0.748642 0.561655
103 114 93 94 0 0.443381 0.681776 0.531426
104 115 94 95 0 0.263352 0.392109 0.403203
105 116 95 96 0 0.259308 0.445593 0.556284
106 117 96 97 0 0.678968 0.477851 0.265519
107 118 97 98 1 0.613643 0.450949 0.718383
108 119 98 99 1 0.687712 0.654187 0.555795
109 120 99 -1 1 0.289506 0.54751 0.541299
100
111 10 110 0
112 11 111 1
113 12 112 2
114 13 113 3
115 14 114 4
116 15 115 5
117 16 116 6
118 17 117 7
119 18 118 8
120 19 119 9
122 20 121 10
123 21 122 11
124 22 123 12
125 23 124 13
126 24 125 14
127 25 126 15
128 26 127 16
129 27 128 17
130 28 129 18
131 29 130 19
133 30 132 20
134 31 133 21
135 32 134 22
136 33 135 23
137 34 136 24
138 35 137 25
139 36 138 26
140 37 139 27
141 38 140 28
142 39 141 29
144 40 143 30
145 41 144 31
146 42 145 32
147 43 146 33
148 44 147 34
149 45 148 35
150 46 149 36
151 47 150 37
152 48 151 38
153 49 152 39
155 50 154 40
156 51 155 41
157 52 156 42
158 53 157 43
159 54 158 44
160 55 159 45
161 56 160 46
162 57 161 47
163 58 162 48
164 59 163 49
166 60 165 50
167 61 166 51
168 62 167 52
169 63 168 53
170 64 169 54
171 65 170 55
172 66 171 56
173 67 172 57
174 68 173 58
175 69 174 59
177 70 176 60
178 71 177 61
179 72 178 62
180 73 179 63
181 74 180 64
182 75 181 65
183 76 182 66
184 77 183 67
185 78 184 68
186 79 185 69
188 80 187 70
189 81 188 71
190 82 189 72
191 83 190 73
192 84 191 74
193 85 192 75
194 86 193 76
195 87 194 77
196 88 195 78
197 89 196 79
199 90 198 80
200 91 199 81
201 92 200 82
202 93 201 83
203 94 202 84
204 95 203 85
205 96 204 86
206 97 205 87
207 98 206 88
208 99 207 89
210 100 209 90
211 101 210 91
212 102 211 92
213 103 212 93
214 104 213 94
215 105 214 95
216 106 215 96
217 107 216 97
218 108 217 98
219 109 218 99
2.5 2.5 0 20 50
