19
4.0169 156.696 -40.755 0 1 0
-66.3166 172.078 -21.8772 0 1 0
-78.3404 98.7861 -90.0688 0 1 0
-32.3887 93.8516 -87.0011 0 1 0
13.563 88.9171 -83.9334 0 1 0
61.8614 156.881 -87.0446 0 1 0
37.2347 118.959 -44.4212 0 0 1
84.7248 81.0369 -82.8776 0 1 0
46.8971 73.5424 -59.5006 0 1 0
65.9267 84.4608 -43.9591 0 1 0
70.4901 115.909 -10.9174 0 1 0
45.645 67.1595 84.6516 0 1 0
-73.5611 43.4152 63.8265 0 1 0
-30.667 40.7155 20.7964 0 1 0
81.8869 138.662 40.3678 0 1 0
19.4785 141.603 64.368 0 1 0
-84.7579 69.5178 0 0 1 0
-55.2458 82.5496 -46.3149 0 1 0
14.8331 106.885 48.1805 0 0.707107 -0.707107
